86
1 6:20 6:50
2 6:30 7:00
3 6:40 7:10
4 6:50 7:20
5 7:00 7:25
6 7:10 7:40
7 7:20 7:50
8 7:30 7:55
9 7:30 8:00
10 7:50 8:20
11 8:00 8:25
12 8:10 8:40
13 8:30 9:00
14 8:40 9:10
15 9:00 9:25
16 9:10 9:40
17 9:30 9:55
18 9:40 10:05
19 10:00 10:25
20 10:10 10:35
21 10:10 10:40
22 10:30 10:55
23 10:40 11:10
24 11:00 11:27
25 11:00 11:30
26 11:20 11:47
27 11:20 11:50
28 11:30 11:57
29 11:40 12:10
30 11:50 12:20
31 12:00 12:30
32 12:05 12:40
33 12:15 12:45
34 12:25 13:00
35 12:35 13:05
36 12:50 13:20
37 12:50 13:20
38 13:10 13:37
39 13:10 13:40
40 13:30 14:00
41 13:30 14:00
42 13:40 14:10 
43 14:00 14:30
44 14:20 14:50
45 14:30 15:00
46 14:40 15:10
47 15:00 15:30
48 15:00 15:30
49 15:30 16:00
50 15:30 16:00
51 16:00 16:30
52 16:10 16:40
53 16:30 17:00
54 16:40 17:10
55 16:50 17:20
56 17:10 17:40
57 17:20 17:50
58 17:30 18:00
59 17:40 18:10
60 17:50 18:20
61 18:00 18:30
62 18:10 18:40
63 18:20 18:50
64 18:30 19:00
65 18:40 19:10
66 18:50 19:20
67 19:00 19:25
68 19:20 19:45
69 19:30 20:00
70 19:50 20:15
71 20:10 20:35
72 20:10 20:35
73 20:30 20:55
74 20:40 21:05
75 20:40 21:10
76 21:10 21:35
77 21:10 21:40
78 21:20 21:45
79 21:30 21:55
80 21:40 22:05
81 21:45 22:15
82 21:50 22:20
83 22:00 22:40
84 22:10 22:35
85 22:20 22:45
85 22:20 23:00
1 2
1 3
1 4
2 3
2 4
2 5
3 4
3 5
3 6
4 5
4 6
4 7
5 6
5 7
6 7
6 8
6 9
7 8
7 9
7 10
8 9
8 10
9 10
9 11
10 11
10 12
11 12
12 13
12 14
13 14
13 15
14 15
14 16
15 16
16 17
16 18
17 18
18 19
19 20
19 21
20 21
20 22
21 22
21 23
22 23
23 24
23 25
24 25
24 26
24 27
25 26
25 27
25 28
26 27
26 28
26 29
27 28
27 29
27 30
28 29
28 30
29 30
29 31
29 32
30 31
30 32
30 33
31 32
31 33
31 34
32 33
32 34
32 35
33 34
33 35
34 35
34 36
34 37
35 36
35 37
36 37
36 38
36 39
37 38
37 39
38 39
38 40
38 41
39 40
39 41
39 42
40 41
40 42
40 43
41 42
41 43
42 43
43 44
43 45
44 45
44 46
45 46
45 47
45 48
46 47
46 48
47 48
47 49
47 50
48 49
48 50
49 50
49 51
50 51
51 52
51 53
52 53
52 54
53 54
53 55
54 55
54 56
55 56
55 57
56 57
56 58
56 59
57 58
57 59
57 60
58 59
58 60
58 61
59 60
59 61
59 62
60 61
60 62
60 63
61 62
61 63
61 64
62 63
62 64
62 65
63 64
63 65
63 66
64 65
64 66
64 67
65 66
65 67
66 67
66 68
67 68
68 69
69 70
70 71
70 72
71 72
71 73
72 73
73 74
73 75
74 75
75 76
75 77
76 77
76 78
76 79
77 78
77 79
77 80
78 79
78 80
78 81
79 80
79 81
79 82
80 81
80 82
80 83
81 82
81 83
81 84
82 83
82 84
82 85
82 86
83 84
83 85
83 86
84 85
84 86
85 86
